03311710140001500
03311710240001500
03311710340001500
03311710540001500
03311710640001500
03311710812002200
03241710140001500
0324171024O001500
03241710340001500
03241710540501500
03241710640001500
03241710718001000
03171710140001500
03171710240001500
03171710340001500
03171710540001500
03171710640001500
03171711020001500
03101710140001500
03101710240001500
03101710340001500
03101710540001500
03101710640001B00
03101711506002900
03031710140001600
03031710240001600
03031710340001600
030317105400016O0
03031710640001600
